[
    {
        "Sample": "test_PLG_Etna",
        "Lat": 37.7095,
        "Lon": 15.0258,
        "Alt": 2070,
        "NuclCon": 246767.96474132466,
        "NuclErr": 11324.744226399796,
        "Shield": 1,
        "Dens": 2.37,
        "Thick": 15,
        "Eros": 0,
        "Age_form": 1000,
        "Age_form_er": 3000,
        "Cl_targ": 3,
        "Cl_targ_er": 0.3,
        "SiO2_targ": 53.56,
        "Al2O3_targ": 31.44,
        "Fe2O3_targ": 0.84,
        "Fe2O3_targ_er": 0.042,
        "MnO_targ": 0.0126,
        "MgO_targ": 0.09,
        "CaO_targ": 12.5,
        "CaO_targ_er": 0.25,
        "Na2O_targ": 4.27,
        "K2O_targ": 0.697,
        "K2O_targ_er": 0.035,
        "TiO2_targ": 0.121,
        "TiO2_targ_er": 0.006,
        "P2O5_targ": 0,
        "LOI_targ": 1.55,
        "H2O_targ": 49.425,
        "CO2_targ": 17.846,
        "SiO2_bulk": 9.499,
        "Al2O3_bulk": 0.161,
        "Fe2O3bulk": 5.33,
        "MnO_bulk": 8.764,
        "MgO_bulk": 3.952,
        "CaO_bulk": 1.577,
        "NaO_bulk": 1.359,
        "K2O_bulk": 0.693,
        "TiO2_bulk": 1.55,
        "P2O5_bulk": 0.48,
        "H20_bulk": 1.55,
        "CO2_bulk": 9.2,
        "S_bulk": 11,
        "LOI_bulk": 828,
        "Li_bulk": 59,
        "B_bulk": 29,
        "Cl_bulk": 9.6,
        "Cr_bulk": 7.2,
        "Co_bulk": 14.78,
        "Sm_bulk": 0.739,
        "Gd_bulk": 4.25,
        "Th_bulk": 0.34
    }
]
